# Takes in account the current limit of the lines (calculation based on R/X ratio)
# 2.86 <= R/X <= 3.08 --> 260 A; 1.2100 Ohm/km
# 1.80 <= R/X <= 2.00 --> 347 A; 0.7644 Ohm/km
# 1.36 <= R/X <= 1.45 --> 400 A; 0.6105 Ohm/km
# 1.10 <= R/X <= 1.29 --> 462 A; 0.4884 Ohm/km
# 1.00 <= R/X <= 1.01 --> 534 A; 0.3885 Ohm/km
# 0.85 <= R/X <= 0.86 --> 609 A; 0.3100 Ohm/km
# 0.75 <= R/X <= 0.76 --> 624 A; 0.3013 Ohm/km
# R/X: 0.64 --> 727 A; 0.2379 Ohm/km
# R/X: 0.31 --> 1232 A; 0.1035 Ohm/km
BEGIN	SNAME
BARANWU33B_1B
END	-999

BEGIN	SBASE [kVA]
1000.0
END	-999

BEGIN	COSTS
1E+04	35
END	-999

BEGIN	BUSES
1;subs_1;12.66;0.93;1.05
2;bus_2;12.66;0.93;1.05
3;bus_3;12.66;0.93;1.05
4;bus_4;12.66;0.93;1.05
5;bus_5;12.66;0.93;1.05
6;bus_6;12.66;0.93;1.05
7;bus_7;12.66;0.93;1.05
8;bus_8;12.66;0.93;1.05
9;bus_9;12.66;0.93;1.05
10;bus_10;12.66;0.93;1.05
11;bus_11;12.66;0.93;1.05
12;bus_12;12.66;0.93;1.05
13;bus_13;12.66;0.93;1.05
14;bus_14;12.66;0.93;1.05
15;bus_15;12.66;0.93;1.05
16;bus_16;12.66;0.93;1.05
17;bus_17;12.66;0.93;1.05
18;bus_18;12.66;0.93;1.05
19;bus_19;12.66;0.93;1.05
20;bus_20;12.66;0.93;1.05
21;bus_21;12.66;0.93;1.05
22;bus_22;12.66;0.93;1.05
23;bus_23;12.66;0.93;1.05
25;bus_24;12.66;0.93;1.05
24;bus_25;12.66;0.93;1.05
26;bus_26;12.66;0.93;1.05
27;bus_27;12.66;0.93;1.05
28;bus_28;12.66;0.93;1.05
29;bus_29;12.66;0.93;1.05
30;bus_30;12.66;0.93;1.05
31;bus_31;12.66;0.93;1.05
32;bus_32;12.66;0.93;1.05
33;bus_33;12.66;0.93;1.05
END	-999

BEGIN	FAULT_SCENARIO
1
END	-999

BEGIN	BRANCHES
1;1;2;SWLINE;0.090;0.050;35.00;347;0.0167;1
2;2;3;SWLINE;0.490;0.250;35.00;347;0.0167;1
3;3;4;SWLINE;0.370;0.190;35.00;347;0.0167;1
4;4;5;SWLINE;0.380;0.190;35.00;347;0.0167;1
5;5;6;SWLINE;0.820;0.710;35.00;462;0.0167;1
6;6;7;SWLINE;0.190;0.620;35.00;1232;0.0167;1
7;7;8;SWLINE;0.710;0.240;35.00;260;0.0167;1
8;8;9;SWLINE;1.030;0.740;35.00;400;0.0167;1
9;9;10;SWLINE;1.040;0.740;35.00;400;0.0167;1
10;10;11;SWLINE;0.200;0.070;35.00;260;0.0167;1
11;11;12;SWLINE;0.370;0.120;35.00;260;0.0167;1
12;12;13;SWLINE;1.470;1.160;35.00;462;0.0167;1
13;13;14;SWLINE;0.540;0.710;35.00;624;0.0167;1
14;14;15;SWLINE;0.590;0.530;35.00;462;0.0167;1
15;15;16;SWLINE;0.750;0.550;35.00;400;0.0167;1
16;16;17;SWLINE;1.290;1.720;35.00;624;0.0167;1
17;17;18;SWLINE;0.730;0.570;35.00;462;0.0167;1
18;2;19;SWLINE;0.160;0.160;35.00;534;0.0167;1
19;19;20;SWLINE;1.500;1.360;35.00;462;0.0167;1
20;20;21;SWLINE;0.410;0.480;35.00;609;0.0167;1
21;21;22;SWLINE;0.710;0.940;35.00;624;0.0167;1
22;3;23;SWLINE;0.450;0.310;35.00;400;0.0167;1
23;23;24;SWLINE;0.900;0.710;35.00;462;0.0167;1
24;24;25;SWLINE;0.900;0.700;35.00;462;0.0167;1
25;6;26;SWLINE;0.200;0.100;35.00;347;0.0167;1
26;27;28;SWLINE;1.060;0.930;35.00;462;0.0167;1
27;26;27;SWLINE;0.280;0.140;35.00;347;0.0167;1
28;28;29;SWLINE;0.800;0.700;35.00;462;0.0167;1
29;29;30;SWLINE;0.510;0.260;35.00;347;0.0167;1
30;30;31;SWLINE;0.970;0.960;35.00;534;0.0167;1
31;31;32;SWLINE;0.310;0.360;35.00;609;0.0167;1
32;32;33;SWLINE;0.340;0.530;35.00;727;0.0167;1
33;8;21;SWLINE;2.000;2.000;45.00;534;0.0167;0
34;9;15;SWLINE;2.000;2.000;45.00;534;0.0167;0
35;12;22;SWLINE;2.000;2.000;45.00;534;0.0167;0
36;18;33;SWLINE;0.500;0.500;45.00;534;0.0167;0
37;25;29;SWLINE;0.500;0.500;45.00;534;0.0167;0
END	-999

BEGIN	SHUNT_DEVICES
1;SOURCE;12.66
2;PQLOAD;100.00;60.00;45.00;150.00
3;PQLOAD;90.00;40.00;0.00;135.00
4;PQLOAD;120.00;80.00;5.00;150.00
5;PQLOAD;60.00;30.00;5.00;150.00
6;PQLOAD;60.00;20.00;5.00;150.00
7;PQLOAD;200.00;100.00;5.00;150.00
8;PQLOAD;200.00;100.00;50.00;150.00
9;PQLOAD;60.00;20.00;5.00;150.00
10;PQLOAD;60.00;20.00;5.00;150.00
11;PQLOAD;45.00;30.00;5.00;150.00
12;PQLOAD;60.00;35.00;5.00;150.00
13;PQLOAD;60.00;35.00;5.00;150.00
14;PQLOAD;120.00;80.00;0.00;135.00
15;PQLOAD;60.00;10.00;5.00;150.00
16;PQLOAD;60.00;20.00;5.00;150.00
17;PQLOAD;60.00;20.00;25.00;150.00
18;PQLOAD;90.00;40.00;5.00;150.00
19;PQLOAD;90.00;40.00;5.00;150.00
20;PQLOAD;90.00;40.00;5.00;150.00
21;PQLOAD;90.00;40.00;0.00;125.00
22;PQLOAD;90.00;40.00;5.00;150.00
23;PQLOAD;90.00;50.00;35.00;150.00
25;PQLOAD;420.00;200.00;5.00;150.00
24;PQLOAD;420.00;200.00;0.00;140.00
26;PQLOAD;60.00;25.00;5.00;150.00
27;PQLOAD;60.00;25.00;5.00;150.00
28;PQLOAD;60.00;20.00;75.00;150.00
29;PQLOAD;120.00;70.00;5.00;150.00
30;PQLOAD;200.00;600.00;0.00;120.00
31;PQLOAD;150.00;70.00;5.00;150.00
32;PQLOAD;210.00;100.00;5.00;150.00
33;PQLOAD;60.00;40.00;0.00;130.00
END	-999