# Takes in account the current limit of the lines (calculation based on R/X ratio)
# 2.86 <= R/X <= 3.08 --> 260 A; 1.2100 Ohm/km
# 1.80 <= R/X <= 2.00 --> 347 A; 0.7644 Ohm/km
# 1.36 <= R/X <= 1.45 --> 400 A; 0.6105 Ohm/km
# 1.10 <= R/X <= 1.29 --> 462 A; 0.4884 Ohm/km
# 1.00 <= R/X <= 1.01 --> 534 A; 0.3885 Ohm/km
# 0.85 <= R/X <= 0.86 --> 609 A; 0.3100 Ohm/km
# 0.75 <= R/X <= 0.76 --> 624 A; 0.3013 Ohm/km
# R/X: 0.64 --> 727 A; 0.2379 Ohm/km
# R/X: 0.31 --> 1232 A; 0.1035 Ohm/km
# Fault scenario begin at 4:45PM and finish at 21:15PM
BEGIN	SNAME
BARANWU33B_1D
END	-999

BEGIN	SBASE [kVA]
1000.0
END	-999

BEGIN	COSTS
1E+04	35.00
END	-999

BEGIN	TIME_PARAMS
19	0.25
END	-999

BEGIN	CURVES
	BEGIN	LOAD_CURVE
		residential_curve
		1
		[0.79060,0.86250,0.93440,1.00630,1.07810,1.15000,1.19310,1.23630,1.27940,1.32250,1.36560,1.40880,1.45190,1.49500,1.45190,1.40880,1.36560,1.32250,1.27940]
	END	LOAD_CURVE
	BEGIN	LOAD_CURVE
		commercial_curve
		1
		[1.29380,1.26500,1.23630,1.20750,1.17880,1.15000,1.13560,1.12130,1.10690,1.09250,1.07810,1.06380,1.04940,1.03500,0.99670,0.95830,0.92000,0.88170,0.84330]
	END	LOAD_CURVE
	BEGIN	LOAD_CURVE
		industrial_curve
		1
		[1.34170,1.32250,1.27940,1.23630,1.19310,1.15000,1.10690,1.06380,1.02060,0.97750,0.93440,0.89130,0.84810,0.80500,0.77630,0.74750,0.71880,0.69000,0.66130]
	END	LOAD_CURVE
	BEGIN	NDSPHDG_CURVE
		PV_power
		[0.49007,0.35999,0.20045,0.04691,0.00009,0.00000,0.00000,0.00000,0.00000,0.00000,0.00000,0.00000,0.00000,0.00000,0.00000,0.00000,0.00000,0.00000,0.00000]
	END	NDSPHDG_CURVE
END	-999

BEGIN	BUSES
1;subs_1;12.66;0.93;1.05
2;bus_2;12.66;0.93;1.05
3;bus_3;12.66;0.93;1.05
4;bus_4;12.66;0.93;1.05
5;bus_5;12.66;0.93;1.05
6;bus_6;12.66;0.93;1.05
7;bus_7;12.66;0.93;1.05
8;bus_8;12.66;0.93;1.05
9;bus_9;12.66;0.93;1.05
10;bus_10;12.66;0.93;1.05
11;bus_11;12.66;0.93;1.05
12;bus_12;12.66;0.93;1.05
13;bus_13;12.66;0.93;1.05
14;bus_14;12.66;0.93;1.05
15;bus_15;12.66;0.93;1.05
16;bus_16;12.66;0.93;1.05
17;bus_17;12.66;0.93;1.05
18;bus_18;12.66;0.93;1.05
19;bus_19;12.66;0.93;1.05
20;bus_20;12.66;0.93;1.05
21;bus_21;12.66;0.93;1.05
22;bus_22;12.66;0.93;1.05
23;bus_23;12.66;0.93;1.05
25;bus_24;12.66;0.93;1.05
24;bus_25;12.66;0.93;1.05
26;bus_26;12.66;0.93;1.05
27;bus_27;12.66;0.93;1.05
28;bus_28;12.66;0.93;1.05
29;bus_29;12.66;0.93;1.05
30;bus_30;12.66;0.93;1.05
31;bus_31;12.66;0.93;1.05
32;bus_32;12.66;0.93;1.05
33;bus_33;12.66;0.93;1.05
END	-999

BEGIN	FAULT_SCENARIO
1
END	-999

BEGIN	BRANCHES
1;1;2;SWLINE;0.090;0.050;35.00;347;0.0167;1
2;2;3;SWLINE;0.490;0.250;35.00;347;0.0167;1
3;3;4;SWLINE;0.370;0.190;35.00;347;0.0167;1
4;4;5;SWLINE;0.380;0.190;35.00;347;0.0167;1
5;5;6;SWLINE;0.820;0.710;35.00;462;0.0167;1
6;6;7;SWLINE;0.190;0.620;35.00;1232;0.0167;1
7;7;8;SWLINE;0.710;0.240;35.00;260;0.0167;1
8;8;9;SWLINE;1.030;0.740;35.00;400;0.0167;1
9;9;10;SWLINE;1.040;0.740;35.00;400;0.0167;1
10;10;11;SWLINE;0.200;0.070;35.00;260;0.0167;1
11;11;12;SWLINE;0.370;0.120;35.00;260;0.0167;1
12;12;13;SWLINE;1.470;1.160;35.00;462;0.0167;1
13;13;14;SWLINE;0.540;0.710;35.00;624;0.0167;1
14;14;15;SWLINE;0.590;0.530;35.00;462;0.0167;1
15;15;16;SWLINE;0.750;0.550;35.00;400;0.0167;1
16;16;17;SWLINE;1.290;1.720;35.00;624;0.0167;1
17;17;18;SWLINE;0.730;0.570;35.00;462;0.0167;1
18;2;19;SWLINE;0.160;0.160;35.00;534;0.0167;1
19;19;20;SWLINE;1.500;1.360;35.00;462;0.0167;1
20;20;21;SWLINE;0.410;0.480;35.00;609;0.0167;1
21;21;22;SWLINE;0.710;0.940;35.00;624;0.0167;1
22;3;23;SWLINE;0.450;0.310;35.00;400;0.0167;1
23;23;24;SWLINE;0.900;0.710;35.00;462;0.0167;1
24;24;25;SWLINE;0.900;0.700;35.00;462;0.0167;1
25;6;26;SWLINE;0.200;0.100;35.00;347;0.0167;1
26;27;28;SWLINE;1.060;0.930;35.00;462;0.0167;1
27;26;27;SWLINE;0.280;0.140;35.00;347;0.0167;1
28;28;29;SWLINE;0.800;0.700;35.00;462;0.0167;1
29;29;30;SWLINE;0.510;0.260;35.00;347;0.0167;1
30;30;31;SWLINE;0.970;0.960;35.00;534;0.0167;1
31;31;32;SWLINE;0.310;0.360;35.00;609;0.0167;1
32;32;33;SWLINE;0.340;0.530;35.00;727;0.0167;1
33;8;21;SWLINE;2.000;2.000;45.00;534;0.0167;0
34;9;15;SWLINE;2.000;2.000;45.00;534;0.0167;0
35;12;22;SWLINE;2.000;2.000;45.00;534;0.0167;0
36;18;33;SWLINE;0.500;0.500;45.00;534;0.0167;0
37;25;29;SWLINE;0.500;0.500;45.00;534;0.0167;0
END	-999

BEGIN	SHUNT_DEVICES
1;SOURCE;12.66
2;PQLOAD;100.00;60.00;45.00;150.00;residential_curve
3;PQLOAD;90.00;40.00;0.00;135.00;residential_curve
4;SW_PQLOAD;120.00;80.00;10.00;150.00;7.50;3;industrial_curve
5;PQLOAD;60.00;30.00;5.00;150.00;residential_curve
6;PQLOAD;60.00;20.00;5.00;150.00;residential_curve
7;PQLOAD;200.00;100.00;5.00;150.00;commercial_curve
8;PQLOAD;200.00;100.00;50.00;150.00;residential_curve
9;PQLOAD;60.00;20.00;5.00;150.00;residential_curve
10;PQLOAD;60.00;20.00;5.00;150.00;residential_curve
11;PQLOAD;45.00;30.00;5.00;150.00;commercial_curve
12;PQLOAD;60.00;35.00;5.00;150.00;residential_curve
13;PQLOAD;60.00;35.00;5.00;150.00;residential_curve
14;PQLOAD;120.00;80.00;0.00;135.00;residential_curve
15;PQLOAD;60.00;10.00;5.00;150.00;residential_curve
16;PQLOAD;60.00;20.00;5.00;150.00;commercial_curve
17;PQLOAD;60.00;20.00;25.00;150.00;residential_curve
18;PQLOAD;90.00;40.00;5.00;150.00;residential_curve
19;PQLOAD;90.00;40.00;5.00;150.00;residential_curve
20;SW_PQLOAD;90.00;40.00;10.00;150.00;7.50;3;industrial_curve
21;PQLOAD;90.00;40.00;0.00;125.00;commercial_curve
22;PQLOAD;90.00;40.00;5.00;150.00;residential_curve
23;PQLOAD;90.00;50.00;35.00;150.00;residential_curve
25;SW_PQLOAD;420.00;200.00;10.00;150.00;7.50;3;industrial_curve
24;PQLOAD;420.00;200.00;0.00;140.00;residential_curve
26;PQLOAD;60.00;25.00;5.00;150.00;commercial_curve
27;PQLOAD;60.00;25.00;5.00;150.00;residential_curve
28;PQLOAD;60.00;20.00;75.00;150.00;commercial_curve
29;PQLOAD;120.00;70.00;5.00;150.00;commercial_curve
30;PQLOAD;200.00;600.00;0.00;120.00;commercial_curve
31;PQLOAD;150.00;70.00;5.00;150.00;residential_curve
32;SW_PQLOAD;210.00;100.00;10.00;150.00;7.50;3;industrial_curve
33;PQLOAD;60.00;40.00;0.00;130.00;residential_curve
15;DSPHDG_BS;1;12.66;35.0;3150.00;-2800.00;2800.00;3500.00;-40.00;40.00;100.00;0.25
20;DSPHDG;112.50;675.00;-600.00;600.00;750.00;-0.85;0.85;50.00
31;DSPHDG;112.50;675.00;-600.00;600.00;750.00;-0.85;0.85;50.00
4;NDSPHDG;500;-0.9;0.9;500;30;PV_power
4;ESS;-500;500;-0.75;0.75;0.2;2.0;1.0;0.8;0.005
23;NDSPHDG;500;-0.9;0.9;500;30;PV_power
23;ESS;-500;500;-0.75;0.75;0.2;2.0;0.75;0.8;0.005
END	-999