Name		civanlar_loadvar_16bus
Scenario	elemental
Feasible?	1
Obj. Function:	29678.9
Non-supplied cost:	26239.1
Switch operations cost:	105
Distributed generation cost:	3332.16
Energy loss cost:	2.6878
Penalty function:	0
BEGIN	BUSES
BEGIN	BUS 9
Status	0
Vmag
	[0 0 0 0 0 0 0 0 0 0 0 0 0 0 0 0 0 0 0 0 0 0 0 0 0 0 0 0 0]
BEGIN	DEVICES
BEGIN	PQLOAD
	Status	0
	Pdev
		[-0 -0 -0 -0 -0 -0 -0 -0 -0 -0 -0 -0 -0 -0 -0 -0 -0 -0 -0 -0 -0 -0 -0 -0 -0 -0 -0 -0 -0]
	Qdev
		[-0 -0 -0 -0 -0 -0 -0 -0 -0 -0 -0 -0 -0 -0 -0 -0 -0 -0 -0 -0 -0 -0 -0 -0 -0 -0 -0 -0 -0]
END	PQLOAD
END	DEVICES
END	BUS 9
BEGIN	BUS 1
Status	0
Vmag
	[0 0 0 0 0 0 0 0 0 0 0 0 0 0 0 0 0 0 0 0 0 0 0 0 0 0 0 0 0]
BEGIN	DEVICES
BEGIN	SOURCE
	Status	0
	Pdev
		[0 0 0 0 0 0 0 0 0 0 0 0 0 0 0 0 0 0 0 0 0 0 0 0 0 0 0 0 0]
	Qdev
		[-0 -0 -0 -0 -0 -0 -0 -0 -0 -0 -0 -0 -0 -0 -0 -0 -0 -0 -0 -0 -0 -0 -0 -0 -0 -0 -0 -0 -0]
END	SOURCE
END	DEVICES
END	BUS 1
BEGIN	BUS 2
Status	0
Vmag
	[0 0 0 0 0 0 0 0 0 0 0 0 0 0 0 0 0 0 0 0 0 0 0 0 0 0 0 0 0]
BEGIN	DEVICES
BEGIN	SOURCE
	Status	0
	Pdev
		[0 0 0 0 0 0 0 0 0 0 0 0 0 0 0 0 0 0 0 0 0 0 0 0 0 0 0 0 0]
	Qdev
		[-0 -0 -0 -0 -0 -0 -0 -0 -0 -0 -0 -0 -0 -0 -0 -0 -0 -0 -0 -0 -0 -0 -0 -0 -0 -0 -0 -0 -0]
END	SOURCE
END	DEVICES
END	BUS 2
BEGIN	BUS 3
Status	0
Vmag
	[0 0 0 0 0 0 0 0 0 0 0 0 0 0 0 0 0 0 0 0 0 0 0 0 0 0 0 0 0]
BEGIN	DEVICES
BEGIN	SOURCE
	Status	0
	Pdev
		[0 0 0 0 0 0 0 0 0 0 0 0 0 0 0 0 0 0 0 0 0 0 0 0 0 0 0 0 0]
	Qdev
		[-0 -0 -0 -0 -0 -0 -0 -0 -0 -0 -0 -0 -0 -0 -0 -0 -0 -0 -0 -0 -0 -0 -0 -0 -0 -0 -0 -0 -0]
END	SOURCE
END	DEVICES
END	BUS 3
BEGIN	BUS 4
Status	1
Vmag
	[1.0012 1.00115 1.0011 1.00105 1.00101 1.00096 1.00091 1.00087 1.00082 1.00077 1.00088 1.00114 1.00135 1.00108 1.00081 1.00055 1.00028 1.00011 0.999941 0.999773 0.999605 0.999437 0.999268 0.999102 0.998936 0.999237 0.999543 0.999848 1.00015]
BEGIN	DEVICES
BEGIN	PQLOAD
	Status	1
	Pdev
		[-2.3576 -2.4438 -2.53 -2.5684 -2.6066 -2.645 -2.6834 -2.7216 -2.76 -2.7026 -2.645 -2.5876 -2.53 -2.4726 -2.415 -2.3576 -2.3 -2.2712 -2.2426 -2.2138 -2.185 -2.1562 -2.1276 -2.0988 -2.07 -1.9934 -1.9166 -1.84 -1.7634]
	Qdev
		[-1.88608 -1.95504 -2.024 -2.05472 -2.08528 -2.116 -2.14672 -2.17728 -2.208 -2.16208 -2.116 -2.07008 -2.024 -1.97808 -1.932 -1.88608 -1.84 -1.81696 -1.79408 -1.77104 -1.748 -1.72496 -1.70208 -1.67904 -1.656 -1.59472 -1.53328 -1.472 -1.41072]
END	PQLOAD
BEGIN	DSPCH_DG
	Status	1
	Pdev
		[6.24683 6.24957 6.25231 6.20791 6.16266 6.11762 6.07259 6.02801 5.98299 5.84218 5.97227 6.38294 6.75 6.75 6.75 6.75 6.75 6.75 6.75 6.75 6.75 6.75 6.75 6.75 6.75 6.75 6.75 6.75 6.75]
	Qdev
		[2.1275 2.19217 2.25688 2.28342 2.30979 2.33634 2.36291 2.38935 2.41592 2.36588 2.32912 2.30666 2.28452 2.26088 2.23695 2.21372 2.19066 2.18154 2.17285 2.16416 2.15541 2.14672 2.13832 2.13071 2.12349 2.04576 1.97014 1.89438 1.81907]
END	DSPCH_DG
END	DEVICES
END	BUS 4
BEGIN	BUS 5
Status	1
Vmag
	[0.998904 0.998893 0.998882 0.998872 0.998861 0.99885 0.998839 0.998829 0.998818 0.998807 0.998831 0.998892 0.998896 0.998421 0.997946 0.997471 0.996996 0.996704 0.99641 0.996118 0.995826 0.995533 0.995239 0.994948 0.994657 0.995084 0.995515 0.995946 0.996376]
BEGIN	DEVICES
BEGIN	PQLOAD
	Status	1
	Pdev
		[-2.415 -2.3766 -2.3382 -2.3001 -2.2617 -2.2233 -2.1849 -2.1468 -2.1084 -2.07 -2.1564 -2.3718 -2.5875 -2.8032 -3.0189 -3.2343 -3.45 -3.5793 -3.7089 -3.8382 -3.9675 -4.0968 -4.2264 -4.3557 -4.485 -4.3557 -4.2264 -4.0968 -3.9675]
	Qdev
		[-0.322 -0.31688 -0.31176 -0.30668 -0.30156 -0.29644 -0.29132 -0.28624 -0.28112 -0.276 -0.28752 -0.31624 -0.345 -0.37376 -0.40252 -0.43124 -0.46 -0.47724 -0.49452 -0.51176 -0.529 -0.54624 -0.56352 -0.58076 -0.598 -0.58076 -0.56352 -0.54624 -0.529]
END	PQLOAD
END	DEVICES
END	BUS 5
BEGIN	BUS 6
Status	1
Vmag
	[1.00004 1.00003 1.00002 1.00001 0.999999 0.999989 0.99998 0.999971 0.999962 0.999953 0.999973 1.00003 1.00006 0.999947 0.999834 0.999722 0.99961 0.99954 0.99947 0.9994 0.99933 0.999261 0.99919 0.999121 0.999051 0.999163 0.999275 0.999387 0.999499]
BEGIN	DEVICES
BEGIN	PQLOAD
	Status	1
	Pdev
		[-1.61 -1.5844 -1.5588 -1.5334 -1.5078 -1.4822 -1.4566 -1.4312 -1.4056 -1.38 -1.4376 -1.5812 -1.725 -1.8688 -2.0126 -2.1562 -2.3 -2.3862 -2.4726 -2.5588 -2.645 -2.7312 -2.8176 -2.9038 -2.99 -2.9038 -2.8176 -2.7312 -2.645]
	Qdev
		[0.322 0.31688 0.31176 0.30668 0.30156 0.29644 0.29132 0.28624 0.28112 0.276 0.28752 0.31624 0.345 0.37376 0.40252 0.43124 0.46 0.47724 0.49452 0.51176 0.529 0.54624 0.56352 0.58076 0.598 0.58076 0.56352 0.54624 0.529]
END	PQLOAD
END	DEVICES
END	BUS 6
BEGIN	BUS 7
Status	1
Vmag
	[1 1 1 1 1 1 1 1 1 1 1 1 1 1 1 1 1 1 1 1 1 1 1 1 1 1 1 1 1]
BEGIN	DEVICES
BEGIN	PQLOAD
	Status	1
	Pdev
		[-1.2075 -1.1883 -1.1691 -1.15005 -1.13085 -1.11165 -1.09245 -1.0734 -1.0542 -1.035 -1.0782 -1.1859 -1.29375 -1.4016 -1.50945 -1.61715 -1.725 -1.78965 -1.85445 -1.9191 -1.98375 -2.0484 -2.1132 -2.17785 -2.2425 -2.17785 -2.1132 -2.0484 -1.98375]
	Qdev
		[-0.966 -0.95064 -0.93528 -0.92004 -0.90468 -0.88932 -0.87396 -0.85872 -0.84336 -0.828 -0.86256 -0.94872 -1.035 -1.12128 -1.20756 -1.29372 -1.38 -1.43172 -1.48356 -1.53528 -1.587 -1.63872 -1.69056 -1.74228 -1.794 -1.74228 -1.69056 -1.63872 -1.587]
END	PQLOAD
BEGIN	DSPCH_DG_BS
	Status	1
	DG mode	0
	BS mode	1
	Pdev
		[1.35 1.35 1.35 1.35 1.35 1.35 1.35 1.35 1.35 1.35 1.35 1.35 1.39413 1.80466 2.21518 2.62546 3.03638 3.28852 3.5416 3.79389 4.04626 4.29871 4.55208 4.80468 5.05735 4.69912 4.34086 3.98233 3.62463]
	Qdev
		[0.735049 0.723537 0.712 0.700527 0.688948 0.677362 0.665775 0.654282 0.642706 0.631117 0.657167 0.722117 0.78679 0.851285 0.916182 0.980697 1.04527 1.08398 1.12264 1.16113 1.19977 1.23846 1.27725 1.31508 1.35262 1.31561 1.2766 1.23803 1.1994]
END	DSPCH_DG_BS
END	DEVICES
END	BUS 7
BEGIN	BUS 8
Status	0
Vmag
	[0 0 0 0 0 0 0 0 0 0 0 0 0 0 0 0 0 0 0 0 0 0 0 0 0 0 0 0 0]
BEGIN	DEVICES
BEGIN	PQLOAD
	Status	0
	Pdev
		[-0 -0 -0 -0 -0 -0 -0 -0 -0 -0 -0 -0 -0 -0 -0 -0 -0 -0 -0 -0 -0 -0 -0 -0 -0 -0 -0 -0 -0]
	Qdev
		[-0 -0 -0 -0 -0 -0 -0 -0 -0 -0 -0 -0 -0 -0 -0 -0 -0 -0 -0 -0 -0 -0 -0 -0 -0 -0 -0 -0 -0]
END	PQLOAD
END	DEVICES
END	BUS 8
BEGIN	BUS 10
Status	0
Vmag
	[0 0 0 0 0 0 0 0 0 0 0 0 0 0 0 0 0 0 0 0 0 0 0 0 0 0 0 0 0]
BEGIN	DEVICES
BEGIN	SW_PQLOAD
	Status
		[0 0 0 0 0 0 0 0 0 0 0 0 0 0 0 0 0 0 0 0 0 0 0 0 0 0 0 0 0]
	Pdev
		[-0 -0 -0 -0 -0 -0 -0 -0 -0 -0 -0 -0 -0 -0 -0 -0 -0 -0 -0 -0 -0 -0 -0 -0 -0 -0 -0 -0 -0]
	Qdev
		[-0 -0 -0 -0 -0 -0 -0 -0 -0 -0 -0 -0 -0 -0 -0 -0 -0 -0 -0 -0 -0 -0 -0 -0 -0 -0 -0 -0 -0]
END	SW_PQLOAD
END	DEVICES
END	BUS 10
BEGIN	BUS 11
Status	0
Vmag
	[0 0 0 0 0 0 0 0 0 0 0 0 0 0 0 0 0 0 0 0 0 0 0 0 0 0 0 0 0]
BEGIN	DEVICES
BEGIN	PQLOAD
	Status	0
	Pdev
		[-0 -0 -0 -0 -0 -0 -0 -0 -0 -0 -0 -0 -0 -0 -0 -0 -0 -0 -0 -0 -0 -0 -0 -0 -0 -0 -0 -0 -0]
	Qdev
		[0 0 0 0 0 0 0 0 0 0 0 0 0 0 0 0 0 0 0 0 0 0 0 0 0 0 0 0 0]
END	PQLOAD
BEGIN	NDSPCH_DG
	Status	0
	Pdev
		[0 0 0 0 0 0 0 0 0 0 0 0 0 0 0 0 0 0 0 0 0 0 0 0 0 0 0 0 0]
	Qdev
		[-8.88178e-16 -8.88178e-16 -8.88178e-16 -8.88178e-16 -8.88178e-16 -8.88178e-16 -8.88178e-16 -8.88178e-16 -8.88178e-16 -8.88178e-16 -8.88178e-16 -8.88178e-16 -8.88178e-16 -8.88178e-16 -8.88178e-16 -8.88178e-16 -0 -0 -0 -0 -0 -0 -0 -0 -0 -0 -0 -0 -0]
END	NDSPCH_DG
BEGIN	ESS
	Status	0
	Pdev
		[-0 -0 -0 -0 -0 -0 -0 -0 -0 -0 -0 -0 -0 -0 -0 -0 -0 -0 -0 -0 -0 -0 -0 -0 -0 -0 -0 -0 -0]
	SOC
		[0.149812 0.149625 0.149438 0.149251 0.149065 0.148879 0.148692 0.148507 0.148321 0.148136 0.14795 0.147765 0.147581 0.147396 0.147212 0.147028 0.146844 0.146661 0.146477 0.146294 0.146111 0.145929 0.145746 0.145564 0.145382 0.1452 0.145019 0.144838 0.144657]
END	ESS
END	DEVICES
END	BUS 11
BEGIN	BUS 12
Status	0
Vmag
	[0 0 0 0 0 0 0 0 0 0 0 0 0 0 0 0 0 0 0 0 0 0 0 0 0 0 0 0 0]
BEGIN	DEVICES
BEGIN	PQLOAD
	Status	0
	Pdev
		[-0 -0 -0 -0 -0 -0 -0 -0 -0 -0 -0 -0 -0 -0 -0 -0 -0 -0 -0 -0 -0 -0 -0 -0 -0 -0 -0 -0 -0]
	Qdev
		[0 0 0 0 0 0 0 0 0 0 0 0 0 0 0 0 0 0 0 0 0 0 0 0 0 0 0 0 0]
END	PQLOAD
END	DEVICES
END	BUS 12
BEGIN	BUS 13
Status	0
Vmag
	[0 0 0 0 0 0 0 0 0 0 0 0 0 0 0 0 0 0 0 0 0 0 0 0 0 0 0 0 0]
BEGIN	DEVICES
BEGIN	PQLOAD
	Status	0
	Pdev
		[-0 -0 -0 -0 -0 -0 -0 -0 -0 -0 -0 -0 -0 -0 -0 -0 -0 -0 -0 -0 -0 -0 -0 -0 -0 -0 -0 -0 -0]
	Qdev
		[-0 -0 -0 -0 -0 -0 -0 -0 -0 -0 -0 -0 -0 -0 -0 -0 -0 -0 -0 -0 -0 -0 -0 -0 -0 -0 -0 -0 -0]
END	PQLOAD
END	DEVICES
END	BUS 13
BEGIN	BUS 14
Status	0
Vmag
	[0 0 0 0 0 0 0 0 0 0 0 0 0 0 0 0 0 0 0 0 0 0 0 0 0 0 0 0 0]
BEGIN	DEVICES
BEGIN	SW_PQLOAD
	Status
		[0 0 0 0 0 0 0 0 0 0 0 0 0 0 0 0 0 0 0 0 0 0 0 0 0 0 0 0 0]
	Pdev
		[-0 -0 -0 -0 -0 -0 -0 -0 -0 -0 -0 -0 -0 -0 -0 -0 -0 -0 -0 -0 -0 -0 -0 -0 -0 -0 -0 -0 -0]
	Qdev
		[0 0 0 0 0 0 0 0 0 0 0 0 0 0 0 0 0 0 0 0 0 0 0 0 0 0 0 0 0]
END	SW_PQLOAD
END	DEVICES
END	BUS 14
BEGIN	BUS 15
Status	0
Vmag
	[0 0 0 0 0 0 0 0 0 0 0 0 0 0 0 0 0 0 0 0 0 0 0 0 0 0 0 0 0]
BEGIN	DEVICES
BEGIN	SW_PQLOAD
	Status
		[0 0 0 0 0 0 0 0 0 0 0 0 0 0 0 0 0 0 0 0 0 0 0 0 0 0 0 0 0]
	Pdev
		[-0 -0 -0 -0 -0 -0 -0 -0 -0 -0 -0 -0 -0 -0 -0 -0 -0 -0 -0 -0 -0 -0 -0 -0 -0 -0 -0 -0 -0]
	Qdev
		[-0 -0 -0 -0 -0 -0 -0 -0 -0 -0 -0 -0 -0 -0 -0 -0 -0 -0 -0 -0 -0 -0 -0 -0 -0 -0 -0 -0 -0]
END	SW_PQLOAD
END	DEVICES
END	BUS 15
BEGIN	BUS 16
Status	0
Vmag
	[0 0 0 0 0 0 0 0 0 0 0 0 0 0 0 0 0 0 0 0 0 0 0 0 0 0 0 0 0]
BEGIN	DEVICES
BEGIN	PQLOAD
	Status	0
	Pdev
		[-0 -0 -0 -0 -0 -0 -0 -0 -0 -0 -0 -0 -0 -0 -0 -0 -0 -0 -0 -0 -0 -0 -0 -0 -0 -0 -0 -0 -0]
	Qdev
		[0 0 0 0 0 0 0 0 0 0 0 0 0 0 0 0 0 0 0 0 0 0 0 0 0 0 0 0 0]
END	PQLOAD
BEGIN	NDSPCH_DG
	Status	0
	Pdev
		[0 0 0 0 0 0 0 0 0 0 0 0 0 0 0 0 0 0 0 0 0 0 0 0 0 0 0 0 0]
	Qdev
		[-8.88178e-16 -8.88178e-16 -8.88178e-16 -8.88178e-16 -8.88178e-16 -8.88178e-16 -8.88178e-16 -8.88178e-16 -8.88178e-16 -8.88178e-16 -8.88178e-16 -8.88178e-16 -8.88178e-16 -8.88178e-16 -8.88178e-16 -8.88178e-16 -0 -0 -0 -0 -0 -0 -0 -0 -0 -0 -0 -0 -0]
END	NDSPCH_DG
BEGIN	ESS
	Status	0
	Pdev
		[-0 -0 -0 -0 -0 -0 -0 -0 -0 -0 -0 -0 -0 -0 -0 -0 -0 -0 -0 -0 -0 -0 -0 -0 -0 -0 -0 -0 -0]
	SOC
		[0.149812 0.149625 0.149438 0.149251 0.149065 0.148879 0.148692 0.148507 0.148321 0.148136 0.14795 0.147765 0.147581 0.147396 0.147212 0.147028 0.146844 0.146661 0.146477 0.146294 0.146111 0.145929 0.145746 0.145564 0.145382 0.1452 0.145019 0.144838 0.144657]
END	ESS
END	DEVICES
END	BUS 16
END	BUSES
BEGIN	BRANCHES
BEGIN	BRANCH 9
Imag
	[0 0 0 0 0 0 0 0 0 0 0 0 0 0 0 0 0 0 0 0 0 0 0 0 0 0 0 0 0]
Device	SWLINE
Status	1
END	BRANCH 9
BEGIN	BRANCH 1
Imag
	[0 0 0 0 0 0 0 0 0 0 0 0 0 0 0 0 0 0 0 0 0 0 0 0 0 0 0 0 0]
Device	SWLINE
Status	0
END	BRANCH 1
BEGIN	BRANCH 2
Imag
	[0 0 0 0 0 0 0 0 0 0 0 0 0 0 0 0 0 0 0 0 0 0 0 0 0 0 0 0 0]
Device	SWLINE
Status	0
END	BRANCH 2
BEGIN	BRANCH 3
Imag
	[0 0 0 0 0 0 0 0 0 0 0 0 0 0 0 0 0 0 0 0 0 0 0 0 0 0 0 0 0]
Device	SWLINE
Status	0
END	BRANCH 3
BEGIN	BRANCH 4
Imag
	[2.43905 2.40029 2.36153 2.32308 2.28432 2.24556 2.2068 2.16834 2.12958 2.09081 2.17803 2.39545 2.61328 2.83248 3.05189 3.27119 3.49102 3.62292 3.7552 3.88726 4.01939 4.1516 4.2842 4.41656 4.549 4.41596 4.28301 4.14988 4.01717]
Device	SWLINE
Status	1
END	BRANCH 4
BEGIN	BRANCH 5
Imag
	[1.4703 1.42552 1.38075 1.33632 1.29154 1.24677 1.20199 1.15757 1.1128 1.06804 1.16876 1.41993 1.62744 1.46958 1.31201 1.15468 0.997552 0.897942 0.798136 0.699282 0.601196 0.504336 0.409141 0.318103 0.235491 0.414212 0.610535 0.812202 1.01551]
Device	SWLINE
Status	1
END	BRANCH 5
BEGIN	BRANCH 6
Imag
	[0 0 0 0 0 0 0 0 0 0 0 0 0 0 0 0 0 0 0 0 0 0 0 0 0 0 0 0 0]
Device	SWLINE
Status	0
END	BRANCH 6
BEGIN	BRANCH 7
Imag
	[0.271383 0.278797 0.287375 0.296938 0.307527 0.318972 0.331178 0.343959 0.357442 0.371474 0.340687 0.279791 0.267743 0.485134 0.763521 1.05578 1.35342 1.53868 1.72532 1.91176 2.09855 2.28563 2.47365 2.66134 2.84925 2.55712 2.2658 1.975 1.68603]
Device	SWLINE
Status	1
END	BRANCH 7
BEGIN	BRANCH 8
Imag
	[0 0 0 0 0 0 0 0 0 0 0 0 0 0 0 0 0 0 0 0 0 0 0 0 0 0 0 0 0]
Device	SWLINE
Status	0
END	BRANCH 8
BEGIN	BRANCH 10
Imag
	[0 0 0 0 0 0 0 0 0 0 0 0 0 0 0 0 0 0 0 0 0 0 0 0 0 0 0 0 0]
Device	SWLINE
Status	1
END	BRANCH 10
BEGIN	BRANCH 11
Imag
	[0 0 0 0 0 0 0 0 0 0 0 0 0 0 0 0 0 0 0 0 0 0 0 0 0 0 0 0 0]
Device	SWLINE
Status	1
END	BRANCH 11
BEGIN	BRANCH 12
Imag
	[0 0 0 0 0 0 0 0 0 0 0 0 0 0 0 0 0 0 0 0 0 0 0 0 0 0 0 0 0]
Device	SWLINE
Status	1
END	BRANCH 12
BEGIN	BRANCH 13
Imag
	[0 0 0 0 0 0 0 0 0 0 0 0 0 0 0 0 0 0 0 0 0 0 0 0 0 0 0 0 0]
Device	SWLINE
Status	0
END	BRANCH 13
BEGIN	BRANCH 14
Imag
	[0 0 0 0 0 0 0 0 0 0 0 0 0 0 0 0 0 0 0 0 0 0 0 0 0 0 0 0 0]
Device	SWLINE
Status	1
END	BRANCH 14
BEGIN	BRANCH 15
Imag
	[0 0 0 0 0 0 0 0 0 0 0 0 0 0 0 0 0 0 0 0 0 0 0 0 0 0 0 0 0]
Device	SWLINE
Status	1
END	BRANCH 15
BEGIN	BRANCH 16
Imag
	[0 0 0 0 0 0 0 0 0 0 0 0 0 0 0 0 0 0 0 0 0 0 0 0 0 0 0 0 0]
Device	SWLINE
Status	1
END	BRANCH 16
END	BRANCHES