Name		civanlar_loadvar_16bus
Scenario	best
Feasible?	1
Obj. Function:	25009.9
Non-supplied cost:	18391.4
Switch operations cost:	355
Distributed generation cost:	6250.93
Energy loss cost:	12.6258
Penalty function:	2.15535e-05
BEGIN	BUSES
BEGIN	BUS 9
Status	0
Vmag
	[0 0 0 0 0 0 0 0 0 0 0 0 0 0 0 0 0 0 0 0 0 0 0 0 0 0 0 0 0]
BEGIN	DEVICES
BEGIN	PQLOAD
	Status	0
	Pdev
		[-0 -0 -0 -0 -0 -0 -0 -0 -0 -0 -0 -0 -0 -0 -0 -0 -0 -0 -0 -0 -0 -0 -0 -0 -0 -0 -0 -0 -0]
	Qdev
		[-0 -0 -0 -0 -0 -0 -0 -0 -0 -0 -0 -0 -0 -0 -0 -0 -0 -0 -0 -0 -0 -0 -0 -0 -0 -0 -0 -0 -0]
END	PQLOAD
END	DEVICES
END	BUS 9
BEGIN	BUS 1
Status	0
Vmag
	[0 0 0 0 0 0 0 0 0 0 0 0 0 0 0 0 0 0 0 0 0 0 0 0 0 0 0 0 0]
BEGIN	DEVICES
BEGIN	SOURCE
	Status	0
	Pdev
		[0 0 0 0 0 0 0 0 0 0 0 0 0 0 0 0 0 0 0 0 0 0 0 0 0 0 0 0 0]
	Qdev
		[-0 -0 -0 -0 -0 -0 -0 -0 -0 -0 -0 -0 -0 -0 -0 -0 -0 -0 -0 -0 -0 -0 -0 -0 -0 -0 -0 -0 -0]
END	SOURCE
END	DEVICES
END	BUS 1
BEGIN	BUS 2
Status	0
Vmag
	[0 0 0 0 0 0 0 0 0 0 0 0 0 0 0 0 0 0 0 0 0 0 0 0 0 0 0 0 0]
BEGIN	DEVICES
BEGIN	SOURCE
	Status	0
	Pdev
		[0 0 0 0 0 0 0 0 0 0 0 0 0 0 0 0 0 0 0 0 0 0 0 0 0 0 0 0 0]
	Qdev
		[-0 -0 -0 -0 -0 -0 -0 -0 -0 -0 -0 -0 -0 -0 -0 -0 -0 -0 -0 -0 -0 -0 -0 -0 -0 -0 -0 -0 -0]
END	SOURCE
END	DEVICES
END	BUS 2
BEGIN	BUS 3
Status	0
Vmag
	[0 0 0 0 0 0 0 0 0 0 0 0 0 0 0 0 0 0 0 0 0 0 0 0 0 0 0 0 0]
BEGIN	DEVICES
BEGIN	SOURCE
	Status	0
	Pdev
		[0 0 0 0 0 0 0 0 0 0 0 0 0 0 0 0 0 0 0 0 0 0 0 0 0 0 0 0 0]
	Qdev
		[-0 -0 -0 -0 -0 -0 -0 -0 -0 -0 -0 -0 -0 -0 -0 -0 -0 -0 -0 -0 -0 -0 -0 -0 -0 -0 -0 -0 -0]
END	SOURCE
END	DEVICES
END	BUS 3
BEGIN	BUS 4
Status	1
Vmag
	[1.00516 1.00518 1.00514 1.00512 1.0051 1.00508 1.00506 1.00504 1.00502 1.00488 1.00466 1.00417 1.00299 1.00163 1.00031 0.999827 0.999864 0.999883 0.999903 0.999922 0.999942 0.999962 0.999981 1 1.00002 1.0001 1.00008 1.00012 1.00015]
BEGIN	DEVICES
BEGIN	PQLOAD
	Status	1
	Pdev
		[-2.3576 -2.4438 -2.53 -2.5684 -2.6066 -2.645 -2.6834 -2.7216 -2.76 -2.7026 -2.645 -2.5876 -2.53 -2.4726 -2.415 -2.3576 -2.3 -2.2712 -2.2426 -2.2138 -2.185 -2.1562 -2.1276 -2.0988 -2.07 -1.9934 -1.9166 -1.84 -1.7634]
	Qdev
		[-1.88608 -1.95504 -2.024 -2.05472 -2.08528 -2.116 -2.14672 -2.17728 -2.208 -2.16208 -2.116 -2.07008 -2.024 -1.97808 -1.932 -1.88608 -1.84 -1.81696 -1.79408 -1.77104 -1.748 -1.72496 -1.70208 -1.67904 -1.656 -1.59472 -1.53328 -1.472 -1.41072]
END	PQLOAD
BEGIN	DSPCH_DG
	Status	1
	Pdev
		[6.75 6.75 6.75 6.75 6.75 6.75 6.75 6.75 6.75 6.75 6.75 6.75 6.75 6.75 6.75 6.75 6.75 6.75 6.75 6.75 6.75 6.75 6.75 6.75 6.75 6.75 6.75 6.75 6.75]
	Qdev
		[1.93919 2.00751 2.07556 2.10571 2.13571 2.16586 2.19602 2.22604 2.25622 2.20775 2.15896 2.10848 2.05347 2.0051 1.85186 1.68309 1.62049 1.58762 1.55495 1.52219 1.48949 1.45685 1.4244 1.39188 1.35941 1.30828 1.25818 1.20787 1.15769]
END	DSPCH_DG
END	DEVICES
END	BUS 4
BEGIN	BUS 5
Status	1
Vmag
	[1.00514 1.00524 1.00523 1.00523 1.00522 1.00522 1.00521 1.00521 1.0052 1.00492 1.00453 1.00372 1.00181 0.999586 0.997558 0.996893 0.996955 0.996992 0.99703 0.997068 0.997106 0.997144 0.997182 0.99722 0.997258 0.997299 0.997178 0.997136 0.997095]
BEGIN	DEVICES
BEGIN	PQLOAD
	Status	1
	Pdev
		[-2.415 -2.3766 -2.3382 -2.3001 -2.2617 -2.2233 -2.1849 -2.1468 -2.1084 -2.07 -2.1564 -2.3718 -2.5875 -2.8032 -3.0189 -3.2343 -3.45 -3.5793 -3.7089 -3.8382 -3.9675 -4.0968 -4.2264 -4.3557 -4.485 -4.3557 -4.2264 -4.0968 -3.9675]
	Qdev
		[-0.322 -0.31688 -0.31176 -0.30668 -0.30156 -0.29644 -0.29132 -0.28624 -0.28112 -0.276 -0.28752 -0.31624 -0.345 -0.37376 -0.40252 -0.43124 -0.46 -0.47724 -0.49452 -0.51176 -0.529 -0.54624 -0.56352 -0.58076 -0.598 -0.58076 -0.56352 -0.54624 -0.529]
END	PQLOAD
END	DEVICES
END	BUS 5
BEGIN	BUS 6
Status	1
Vmag
	[1.00125 1.00126 1.00125 1.00125 1.00125 1.00125 1.00125 1.00125 1.00125 1.00121 1.00113 1.00095 1.00056 1.00011 0.999679 0.9995 0.999481 0.99947 0.999458 0.999446 0.999435 0.999423 0.999411 0.9994 0.999388 0.999431 0.999443 0.99947 0.999497]
BEGIN	DEVICES
BEGIN	PQLOAD
	Status	1
	Pdev
		[-1.61 -1.5844 -1.5588 -1.5334 -1.5078 -1.4822 -1.4566 -1.4312 -1.4056 -1.38 -1.4376 -1.5812 -1.725 -1.8688 -2.0126 -2.1562 -2.3 -2.3862 -2.4726 -2.5588 -2.645 -2.7312 -2.8176 -2.9038 -2.99 -2.9038 -2.8176 -2.7312 -2.645]
	Qdev
		[0.322 0.31688 0.31176 0.30668 0.30156 0.29644 0.29132 0.28624 0.28112 0.276 0.28752 0.31624 0.345 0.37376 0.40252 0.43124 0.46 0.47724 0.49452 0.51176 0.529 0.54624 0.56352 0.58076 0.598 0.58076 0.56352 0.54624 0.529]
END	PQLOAD
END	DEVICES
END	BUS 6
BEGIN	BUS 7
Status	1
Vmag
	[1 1 1 1 1 1 1 1 1 1 1 1 1 1 1 1 1 1 1 1 1 1 1 1 1 1 1 1 1]
BEGIN	DEVICES
BEGIN	PQLOAD
	Status	1
	Pdev
		[-1.2075 -1.1883 -1.1691 -1.15005 -1.13085 -1.11165 -1.09245 -1.0734 -1.0542 -1.035 -1.0782 -1.1859 -1.29375 -1.4016 -1.50945 -1.61715 -1.725 -1.78965 -1.85445 -1.9191 -1.98375 -2.0484 -2.1132 -2.17785 -2.2425 -2.17785 -2.1132 -2.0484 -1.98375]
	Qdev
		[-0.966 -0.95064 -0.93528 -0.92004 -0.90468 -0.88932 -0.87396 -0.85872 -0.84336 -0.828 -0.86256 -0.94872 -1.035 -1.12128 -1.20756 -1.29372 -1.38 -1.43172 -1.48356 -1.53528 -1.587 -1.63872 -1.69056 -1.74228 -1.794 -1.74228 -1.69056 -1.63872 -1.587]
END	PQLOAD
BEGIN	DSPCH_DG_BS
	Status	1
	DG mode	0
	BS mode	1
	Pdev
		[1.35 1.35 1.35 1.35 1.35 1.35 1.35001 1.35001 1.35009 1.82332 2.54472 3.59204 5.1585 6.89894 8.09999 8.1 8.1 8.1 8.1 8.1 8.1 8.1 8.1 8.1 8.1 8.1 8.1 8.1 8.1]
	Qdev
		[0.704168 0.690616 0.677264 0.66366 0.64988 0.636007 0.622041 0.610657 0.599173 0.589699 0.617436 0.684067 0.946782 1.39239 1.81301 2.19632 2.22986 2.23421 2.23867 2.24295 2.24733 2.25172 2.25622 2.26054 2.26495 1.34488 1.30584 1.26739 1.22906]
END	DSPCH_DG_BS
END	DEVICES
END	BUS 7
BEGIN	BUS 8
Status	0
Vmag
	[0 0 0 0 0 0 0 0 0 0 0 0 0 0 0 0 0 0 0 0 0 0 0 0 0 0 0 0 0]
BEGIN	DEVICES
BEGIN	PQLOAD
	Status	0
	Pdev
		[-0 -0 -0 -0 -0 -0 -0 -0 -0 -0 -0 -0 -0 -0 -0 -0 -0 -0 -0 -0 -0 -0 -0 -0 -0 -0 -0 -0 -0]
	Qdev
		[-0 -0 -0 -0 -0 -0 -0 -0 -0 -0 -0 -0 -0 -0 -0 -0 -0 -0 -0 -0 -0 -0 -0 -0 -0 -0 -0 -0 -0]
END	PQLOAD
END	DEVICES
END	BUS 8
BEGIN	BUS 10
Status	1
Vmag
	[0.989067 0.988827 0.988627 0.988551 0.988475 0.988399 0.988323 0.988228 0.988132 0.987955 0.987608 0.987151 0.986439 0.985457 0.984967 0.990323 0.990369 0.990432 0.990495 0.990558 0.990621 0.990683 0.990746 0.990809 0.990872 0.992741 0.99275 0.992724 0.992698]
BEGIN	DEVICES
BEGIN	SW_PQLOAD
	Status
		[1 1 1 1 1 1 1 1 1 1 1 1 1 1 1 -0 -0 -0 -0 -0 -0 -0 -0 -0 -0 -0 -0 -0 -0]
	Pdev
		[-1.1788 -1.2219 -1.265 -1.2842 -1.3033 -1.3225 -1.3417 -1.3608 -1.38 -1.3513 -1.3225 -1.2938 -1.265 -1.2363 -1.2075 0 0 0 0 0 0 0 0 0 0 0 0 0 0]
	Qdev
		[-1.06092 -1.09971 -1.1385 -1.15578 -1.17297 -1.19025 -1.20753 -1.22472 -1.242 -1.21617 -1.19025 -1.16442 -1.1385 -1.11267 -1.08675 0 0 0 0 0 0 0 0 0 0 0 0 0 0]
END	SW_PQLOAD
END	DEVICES
END	BUS 10
BEGIN	BUS 11
Status	1
Vmag
	[1.00624 1.00635 1.00635 1.00633 1.00632 1.0063 1.00629 1.00627 1.00626 1.00589 1.00545 1.00458 1.0024 0.999856 0.997558 0.996885 0.997056 0.997161 0.997266 0.997371 0.997476 0.997581 0.997686 0.997791 0.997897 0.99786 0.997629 0.997494 0.997358]
BEGIN	DEVICES
BEGIN	PQLOAD
	Status	1
	Pdev
		[-0.483 -0.47532 -0.46764 -0.46002 -0.45234 -0.44466 -0.43698 -0.42936 -0.42168 -0.414 -0.43128 -0.47436 -0.5175 -0.56064 -0.60378 -0.64686 -0.69 -0.71586 -0.74178 -0.76764 -0.7935 -0.81936 -0.84528 -0.87114 -0.897 -0.87114 -0.84528 -0.81936 -0.7935]
	Qdev
		[0.4025 0.3961 0.3897 0.38335 0.37695 0.37055 0.36415 0.3578 0.3514 0.345 0.3594 0.3953 0.43125 0.4672 0.50315 0.53905 0.575 0.59655 0.61815 0.6397 0.66125 0.6828 0.7044 0.72595 0.7475 0.72595 0.7044 0.6828 0.66125]
END	PQLOAD
BEGIN	NDSPCH_DG
	Status	1
	Pdev
		[4.8645 4.7905 4.703 4.599 4.476 4.3295 4.154 3.942 3.6825 3.3625 2.9605 2.4505 1.8 1.002 0.2345 0.000499937 0 0 0 0 0 0 0 0 0 0 0 0 0]
	Qdev
		[-0.183582 -0.179607 -0.176482 -0.173602 -0.1707 -0.167799 -0.164898 -0.162017 -0.159113 -0.157067 -0.164065 -0.181317 -0.198787 -0.21396 -0.113441 -0.000124926 -0 -0 -0 -0 -0 -0 -0 -0 -0 -0 -0 -0 -0]
END	NDSPCH_DG
BEGIN	ESS
	Status	1
	Pdev
		[-1.84244 -1.72311 -1.63569 -1.56243 -1.47076 -1.35547 -1.21119 -1.02964 -0.800903 -0.701851 -0.403618 -0.0200114 -0.0200007 -0.0200005 -0.0199981 0.0877831 0.368252 0.539896 0.712146 0.883859 1.05559 1.22734 1.39969 1.5715 1.74332 1.54381 1.26669 1.02733 0.788467]
	SOC
		[0.264965 0.372328 0.474094 0.571153 0.662361 0.74625 0.821017 0.884343 0.933294 0.975993 0.999999 1 1 1 1 0.993263 0.969006 0.934051 0.888375 0.832023 0.765008 0.687343 0.599003 0.500036 0.390453 0.293477 0.213942 0.149466 0.1]
END	ESS
END	DEVICES
END	BUS 11
BEGIN	BUS 12
Status	0
Vmag
	[0 0 0 0 0 0 0 0 0 0 0 0 0 0 0 0 0 0 0 0 0 0 0 0 0 0 0 0 0]
BEGIN	DEVICES
BEGIN	PQLOAD
	Status	0
	Pdev
		[-0 -0 -0 -0 -0 -0 -0 -0 -0 -0 -0 -0 -0 -0 -0 -0 -0 -0 -0 -0 -0 -0 -0 -0 -0 -0 -0 -0 -0]
	Qdev
		[0 0 0 0 0 0 0 0 0 0 0 0 0 0 0 0 0 0 0 0 0 0 0 0 0 0 0 0 0]
END	PQLOAD
END	DEVICES
END	BUS 12
BEGIN	BUS 13
Status	1
Vmag
	[0.991861 0.991729 0.991638 0.99158 0.991522 0.991464 0.991405 0.991375 0.991345 0.991096 0.990677 0.990149 0.989367 0.988329 0.987779 0.990323 0.990369 0.990432 0.990495 0.990558 0.990621 0.990683 0.990746 0.990809 0.990872 0.992333 0.992357 0.992347 0.992336]
BEGIN	DEVICES
BEGIN	PQLOAD
	Status	1
	Pdev
		[-0.805 -0.7922 -0.7794 -0.7667 -0.7539 -0.7411 -0.7283 -0.7156 -0.7028 -0.69 -0.7188 -0.7906 -0.8625 -0.9344 -1.0063 -1.0781 -1.15 -1.1931 -1.2363 -1.2794 -1.3225 -1.3656 -1.4088 -1.4519 -1.495 -1.4519 -1.4088 -1.3656 -1.3225]
	Qdev
		[-0.7245 -0.71298 -0.70146 -0.69003 -0.67851 -0.66699 -0.65547 -0.64404 -0.63252 -0.621 -0.64692 -0.71154 -0.77625 -0.84096 -0.90567 -0.97029 -1.035 -1.07379 -1.11267 -1.15146 -1.19025 -1.22904 -1.26792 -1.30671 -1.3455 -1.30671 -1.26792 -1.22904 -1.19025]
END	PQLOAD
END	DEVICES
END	BUS 13
BEGIN	BUS 14
Status	1
Vmag
	[0.989973 0.989766 0.989599 0.989538 0.989477 0.989416 0.989355 0.989275 0.989194 0.988995 0.988626 0.988147 0.987413 0.986411 0.985898 0.990323 0.990369 0.990432 0.990495 0.990558 0.990621 0.990683 0.990746 0.990809 0.990872 0.992741 0.99275 0.992724 0.992698]
BEGIN	DEVICES
BEGIN	SW_PQLOAD
	Status
		[1 1 1 1 1 1 1 1 1 1 1 1 1 1 1 -0 -0 -0 -0 -0 -0 -0 -0 -0 -0 1 1 1 1]
	Pdev
		[-1.0925 -1.1213 -1.15 -1.2219 -1.2938 -1.3656 -1.4375 -1.4183 -1.3992 -1.38 -1.3608 -1.3417 -1.3225 -1.2794 -1.2363 0 0 0 0 0 0 0 0 0 0 -0.7763 -0.7475 -0.7188 -0.69]
	Qdev
		[1.20175 1.23343 1.265 1.34409 1.42318 1.50216 1.58125 1.56013 1.53912 1.518 1.49688 1.47587 1.45475 1.40734 1.35993 -0 -0 -0 -0 -0 -0 -0 -0 -0 -0 0.85393 0.82225 0.79068 0.759]
END	SW_PQLOAD
END	DEVICES
END	BUS 14
BEGIN	BUS 15
Status	1
Vmag
	[0.995007 0.99492 0.994873 0.994798 0.994724 0.994649 0.994575 0.994564 0.994553 0.994237 0.993827 0.993386 0.992691 0.991752 0.991299 0.992272 0.992448 0.992588 0.992729 0.99287 0.993011 0.993151 0.993292 0.993432 0.993573 0.994637 0.994594 0.994517 0.99444]
BEGIN	DEVICES
BEGIN	SW_PQLOAD
	Status
		[1 1 1 1 1 1 1 1 1 1 1 1 1 1 1 1 1 1 1 1 1 1 1 1 1 1 1 1 1]
	Pdev
		[-1.0925 -1.1213 -1.15 -1.2219 -1.2938 -1.3656 -1.4375 -1.4183 -1.3992 -1.38 -1.3608 -1.3417 -1.3225 -1.2794 -1.2363 -1.1931 -1.15 -1.1069 -1.0638 -1.0206 -0.9775 -0.9344 -0.8913 -0.8481 -0.805 -0.7763 -0.7475 -0.7188 -0.69]
	Qdev
		[-0.98325 -1.00917 -1.035 -1.09971 -1.16442 -1.22904 -1.29375 -1.27647 -1.25928 -1.242 -1.22472 -1.20753 -1.19025 -1.15146 -1.11267 -1.07379 -1.035 -0.99621 -0.95742 -0.91854 -0.87975 -0.84096 -0.80217 -0.76329 -0.7245 -0.69867 -0.67275 -0.64692 -0.621]
END	SW_PQLOAD
END	DEVICES
END	BUS 15
BEGIN	BUS 16
Status	1
Vmag
	[0.997327 0.997284 0.997282 0.997265 0.997249 0.997232 0.997216 0.997196 0.997176 0.996815 0.996392 0.995971 0.995297 0.994361 0.993911 0.994013 0.994211 0.994351 0.994492 0.994633 0.994773 0.994914 0.995054 0.995195 0.995335 0.996314 0.996217 0.996086 0.995955]
BEGIN	DEVICES
BEGIN	PQLOAD
	Status	1
	Pdev
		[-1.6905 -1.66362 -1.63674 -1.61007 -1.58319 -1.55631 -1.52943 -1.50276 -1.47588 -1.449 -1.50948 -1.66026 -1.81125 -1.96224 -2.11323 -2.26401 -2.415 -2.50551 -2.59623 -2.68674 -2.77725 -2.86776 -2.95848 -3.04899 -3.1395 -3.04899 -2.95848 -2.86776 -2.77725]
	Qdev
		[0.644 0.63376 0.62352 0.61336 0.60312 0.59288 0.58264 0.57248 0.56224 0.552 0.57504 0.63248 0.69 0.74752 0.80504 0.86248 0.92 0.95448 0.98904 1.02352 1.058 1.09248 1.12704 1.16152 1.196 1.16152 1.12704 1.09248 1.058]
END	PQLOAD
BEGIN	NDSPCH_DG
	Status	1
	Pdev
		[4.8645 4.7905 4.703 4.599 4.476 4.3295 4.154 3.942 3.6825 3.3625 2.9605 2.4505 1.8 1.002 0.2345 0.000499938 0 0 0 0 0 0 0 0 0 0 0 0 0]
	Qdev
		[0.993765 1.02872 1.06336 1.06883 1.07436 1.08017 1.08614 1.10565 1.12525 1.10283 1.08694 1.07726 0.871712 0.485267 0.113559 0.00023309 -0 -0 -0 -0 -0 -0 -0 -0 -0 -0 -0 -0 -0]
END	NDSPCH_DG
BEGIN	ESS
	Status	1
	Pdev
		[-1.99996 -1.91342 -1.76896 -1.56111 -1.33494 -1.08522 -0.806215 -0.674661 -0.495872 -0.683301 -0.729 -0.531496 -0.190259 0.228673 1.12611 -0.349695 0.00225609 0.197509 0.393425 0.588612 0.783931 0.979285 1.1753 1.3706 1.56603 1.99995 1.70369 1.36922 1.0352]
	SOC
		[0.27481 0.394056 0.504123 0.601062 0.683745 0.750716 0.800166 0.841332 0.871272 0.91289 0.957311 0.989333 0.999987 0.984445 0.912833 0.933548 0.93224 0.91873 0.892993 0.855088 0.805024 0.742812 0.668427 0.581929 0.483324 0.357723 0.250796 0.164906 0.1]
END	ESS
END	DEVICES
END	BUS 16
END	BUSES
BEGIN	BRANCHES
BEGIN	BRANCH 9
Imag
	[0 0 0 0 0 0 0 0 0 0 0 0 0 0 0 0 0 0 0 0 0 0 0 0 0 0 0 0 0]
Device	SWLINE
Status	1
END	BRANCH 9
BEGIN	BRANCH 1
Imag
	[0 0 0 0 0 0 0 0 0 0 0 0 0 0 0 0 0 0 0 0 0 0 0 0 0 0 0 0 0]
Device	SWLINE
Status	0
END	BRANCH 1
BEGIN	BRANCH 2
Imag
	[0 0 0 0 0 0 0 0 0 0 0 0 0 0 0 0 0 0 0 0 0 0 0 0 0 0 0 0 0]
Device	SWLINE
Status	0
END	BRANCH 2
BEGIN	BRANCH 3
Imag
	[0 0 0 0 0 0 0 0 0 0 0 0 0 0 0 0 0 0 0 0 0 0 0 0 0 0 0 0 0]
Device	SWLINE
Status	0
END	BRANCH 3
BEGIN	BRANCH 4
Imag
	[0.160216 0.235229 0.276442 0.289852 0.303197 0.31678 0.330465 0.344658 0.358982 0.195562 0.0990777 0.42834 1.32809 2.38598 3.41667 3.80647 3.7852 3.76865 3.75187 3.7353 3.71873 3.70217 3.68539 3.66881 3.65225 3.69625 3.81864 3.9026 3.98649]
Device	SWLINE
Status	1
END	BRANCH 4
BEGIN	BRANCH 5
Imag
	[4.49101 4.49596 4.4561 4.43292 4.40971 4.38641 4.3631 4.34039 4.31753 4.20173 4.05383 3.73008 2.88557 1.89047 0.92317 0.59828 0.677506 0.723137 0.768799 0.814463 0.860128 0.905788 0.951474 0.997153 1.04282 1.07364 1.02747 1.01897 1.01056]
Device	SWLINE
Status	1
END	BRANCH 5
BEGIN	BRANCH 6
Imag
	[2.53269 2.58468 2.59194 2.5688 2.54514 2.5216 2.49804 2.47519 2.45208 2.2413 2.12299 1.95882 1.28065 0.491692 0.552189 0.778612 0.66088 0.623771 0.620596 0.651923 0.713131 0.79736 0.898515 1.01097 1.13157 0.991841 0.82281 0.715599 0.663058]
Device	SWLINE
Status	1
END	BRANCH 6
BEGIN	BRANCH 7
Imag
	[2.89152 2.92174 2.90722 2.90915 2.91124 2.91326 2.91526 2.91768 2.92015 2.82976 2.6252 2.16107 1.18523 0.268139 1.1354 1.60176 1.66941 1.71185 1.75448 1.79691 1.83937 1.88184 1.9245 1.96698 2.00948 1.89138 1.84941 1.77007 1.69091]
Device	SWLINE
Status	1
END	BRANCH 7
BEGIN	BRANCH 8
Imag
	[3.02505 3.07483 3.07977 3.10105 3.12265 3.14417 3.16567 3.1874 3.20941 3.61147 4.08398 4.55578 5.02703 5.54243 5.56724 5.06236 4.88656 4.77551 4.66416 4.55316 4.44221 4.33128 4.22007 4.1092 3.99837 4.0782 4.18343 4.32708 4.47046]
Device	SWLINE
Status	1
END	BRANCH 8
BEGIN	BRANCH 10
Imag
	[0 0 0 0 0 0 0 0 0 0 0 0 0 0 0 0 0 0 0 0 0 0 0 0 0 0 0 0 0]
Device	SWLINE
Status	0
END	BRANCH 10
BEGIN	BRANCH 11
Imag
	[0 0 0 0 0 0 0 0 0 0 0 0 0 0 0 0 0 0 0 0 0 0 0 0 0 0 0 0 0]
Device	SWLINE
Status	0
END	BRANCH 11
BEGIN	BRANCH 12
Imag
	[0 0 0 0 0 0 0 0 0 0 0 0 0 0 0 0 0 0 0 0 0 0 0 0 0 0 0 0 0]
Device	SWLINE
Status	1
END	BRANCH 12
BEGIN	BRANCH 13
Imag
	[1.60345 1.66248 1.72147 1.74773 1.77386 1.80013 1.8264 1.85258 1.8789 1.84016 1.80157 1.76329 1.72528 1.68782 1.64932 0.0118577 0.0118565 0.0118525 0.0118584 0.0118522 0.0118522 0.011853 0.0118532 0.0118536 0.0118589 0.0118055 0.01181 0.011841 0.0118378]
Device	SWLINE
Status	1
END	BRANCH 13
BEGIN	BRANCH 14
Imag
	[2.29969 2.37233 2.44486 2.54088 2.63802 2.73624 2.83555 2.83083 2.82684 2.77972 2.73299 2.68678 2.64104 2.56881 2.49517 0.00461987 0.00461617 0.00461098 0.0046115 0.0046034 0.00459979 0.0045961 0.00459298 0.00459065 0.00458661 1.16249 1.11936 1.07641 1.03331]
Device	SWLINE
Status	1
END	BRANCH 14
BEGIN	BRANCH 15
Imag
	[3.16409 3.22271 3.28122 3.34763 3.416 3.48643 3.55889 3.54851 3.53845 3.47645 3.46042 3.49272 3.5268 3.54295 3.55933 1.46461 1.56222 1.62066 1.67924 1.73767 1.79609 1.85451 1.91305 1.97145 2.02985 2.29286 2.22028 2.14776 2.07532]
Device	SWLINE
Status	1
END	BRANCH 15
BEGIN	BRANCH 16
Imag
	[4.49558 4.58723 4.67858 4.81898 4.95992 5.10154 5.24401 5.21638 5.18901 5.10289 5.069 5.08948 5.11142 5.09106 5.06874 3.08226 3.12116 3.12096 3.12091 3.1206 3.12044 3.12028 3.12027 3.12 3.11987 3.24274 3.13596 3.02936 2.92271]
Device	SWLINE
Status	1
END	BRANCH 16
END	BRANCHES